country	code	ln_hla_het	hla_het	ln_mort40	ln_le40	ln_le50	ln_le60	ln_le70	ln_le80	ln_le90	ln_le00	ln_le10	europe	asia	africa	americas	oceania	frac_eur	frac_me	frac_easia	frac_africa	frac_am	frac_oc	aa_ln_atd	aa_atd	aa_mdist	aa_mdist_sqr	aa_lanim	aa_lpd1	ln_frac	ln_arable	ln_suitavg	ln_abslat	aa_pdiv	malfal	tropical	desert	distcr1000	frac_migrant	pnativ_60	ln_ypc60	ln_yr_sch1960	ln_pd60	ln_urb60	ln_young	ln_mix_het	oecd	fstdistwtd_usa
"Afghanistan"	"AFG"	-1.1116264	0.32902342			3.4531572	3.43805	3.556946	3.6687818	3.745481	3.8131492	3.8770628	0	1	0	0	0	0.04362281	0.91275436	0.04362281	0.0	0.0	0.0	9.072699	8750.0	6.0025506	36.081318		0.8684827	0.5706092	2.4956818	-1.8325815	3.4965076	0.7289717	0.0592746	0	4.355736143291409	0.942351	0.13	0.87	6.99026	-1.0358487	2.712741	2.0794415	3.7694476	-1.0921965	0	5.6846004
"Albania"	"ALB"	-1.1299044	0.32306415			4.010963	4.13123	4.204535	4.243828	4.2717295	4.307286	4.3425183	1	0	0	0	0	1.0	0.0	0.0	0.0	0.0	0.0	8.9249115	7518.0	4.4663997	19.9496		1.9972702	0.19919997	3.048799	-0.2613648	3.713572	0.74057233	0.0	0	0	0.077544294	0.037	0.963	7.70931	1.7032259	4.0815563	3.4242628	3.7159731	-1.1243899	0	4.5774193
"Algeria"	"DZA"	-1.1019324	0.33222845	-1.1631508	3.6627922	3.7635229	3.84984	3.968744	4.0877175	4.2057633	4.2488403	4.2884374	0	0	1	0	0	0.0	1.0	0.0	0.0	0.0	0.0	8.294049	4000.0	4.806958	23.10685		-0.1746841	0.29222175	1.1693814	-3.218876	3.3322046	0.7380005	0.0	0	23.277136053771727	0.76593	0.0	1.0	8.24249	-0.13871193	1.5217843	3.4177268	3.7787035	-1.0882667	0	5.9604325
"Angola"	"AGO"	-1.1092016	0.3298222		3.5553482	3.4011974	3.49605	3.6112263	3.6929164	3.7170153	3.811206	3.9250114	0	0	1	0	0	0.0	0.0	0.0	1.0	0.0	0.0	7.1641	1356.99	3.5115674	12.534498		-1.5863429	0.5803815	0.8796268	-1.3862944	2.5257287	0.7477829	1.0	44.34624572755408	0.425228661821526	0.481495	0.01999998	0.98	7.51752		1.3475616	2.3418057	3.7776492	-1.1092016	0	20.419653
"Antigua and Barbuda"	"ATG"	-1.1426333	0.31897795				4.13282	4.202506					0	0	0	1	0	0.0255292	0.0	0.0	0.9712796	0.00319115	0.0							0.15208225	2.9003222		2.8361502			100	0				8.09377		4.8191814	3.6813512		-1.1055597	0	13.315693
"Argentina"	"ARG"	-1.0861584	0.3375106	-1.5837702	4.016383	4.1351666	4.1777	4.1979313	4.2408895	4.2696733	4.3002467	4.3258815	0	0	0	1	0	0.925	0.0	0.0	0.0	0.075	0.0	8.859602	7244.1455	6.6607366	68.790215	2.1754115	2.0202506	0.22713557	2.3184583	-0.9162907	3.5263605	0.72400135	0.0	0	0	0.271642	0.9439142	0.056085855	8.98695	1.7343782	2.0193183	4.298645	3.425399	-1.0525403	0	4.5911674
"Armenia"	"ARM"	-1.1488335	0.31700635			4.1713057	4.18744	4.247415	4.258164	4.2159314	4.2625313	4.301136	0	1	0	0	0	0.32429615	0.32429615	0.3514077	0.0	0.0	0.0	8.988633	8015.481	4.1052976	16.860508		-0.42495933	0.11969587	2.865054	-0.597837	3.6888795	0.7432992	0.0	0	0	0.420939	0.020100474	0.9798995	8.67266	2.0508783	4.1838765	3.9376907	3.6489425	-1.1049696	0	4.863554
"Australia"	"AUS"	-1.0674232	0.34389353	-1.4620098	4.201703	4.2427645	4.2601	4.262941	4.3085637	4.3437357	4.3724074	4.402994	0	0	0	0	1	0.9794239	0.0	0.0	0.0	0.0	0.020576132	8.582729	5681.3315	6.559279	47.70375		0.920452	0.08883654	1.8794651	-1.6607312	3.295837	0.7247675	0.0	14.680003945458534	10.888616350076296	0.35488698	0.96753925	0.032460764	9.46118	2.2295575	0.2991587	4.400603	3.4075983	-1.050965	1	3.533981
"Austria"	"AUT"	-1.0648363	0.3447843	-1.2073117	4.0976725	4.1850986	4.22808	4.246933	4.282533	4.32453	4.357053	4.3868017	1	0	0	0	0	0.99155796	0.004221021	0.004221021	0.0	0.0	0.0	8.7810545	6511.2217	4.981763	24.819952	2.3025851	1.7988685	0.10145145	2.8314471	-0.8915981	3.8572147	0.7366804	0.0	0	0	0.0794891	0.01449275	0.98550725	9.21682	1.3994938	4.448228	4.169761	3.092362	-1.0517367	1	3.4436648
"Azerbaijan"	"AZE"	-1.1344188	0.321609			4.11578	4.10818	4.170296	4.169472	4.1704774	4.201062	4.2557054	0	1	0	0	0	0.06101237	0.006963933	0.9320237	0.0	0.0	0.0	8.9712305	7905.0	4.525599	20.523287		-0.48721895	0.18620732	3.0591764	-0.4942963	3.701302	0.74012524	0.0	0	0	0.696768	0.06999999	0.93	8.35114		3.8426223	3.8649313	3.6471694	-1.1278471	0	9.896091
"Bahamas"	"BHS"	-1.1329259	0.3220895	-2.8134108		4.091006	4.147	4.192422	4.2150474	4.240421	4.27149	4.3204455	0	0	0	1	0	0.1284	0.0	0.0	0.8716	0.0	0.0							0.35265848	-0.35667497		3.1884167			100.00000000000001	0				9.73625		2.4170015	4.089332	3.7467296	-1.087695	0	12.442552
"Bahrain"	"BHR"	-1.1169273	0.3272839			3.9318256	4.01551	4.1568246	4.246701	4.283103	4.3013053	4.317806	0	1	0	0	0	0.0	1.0	0.0	0.0	0.0	0.0	8.933499	7592.5967	4.3647532	19.125345			0.4068841	1.0367368		3.2580965	0.74133986		0	0		0.06404406	0.93595594	8.7653	0.22708532	5.425065	4.4103713	3.7110178	-1.1060562	0	7.8275714
"Bangladesh"	"BGD"	-1.1300751	0.32300898	-0.40289426	3.3978584	3.6000483	3.69539	3.7349505	4.0116124	4.085491	4.17023	4.2288	0	1	0	0	0	0.0	1.0	0.0	0.0	0.0	0.0	8.62121	5560.0	8.280665	68.60893	2.0794415	2.172011	0.04443211	4.128746	-0.2613648	3.1780539	0.71176815	0.1786233	75.03817542532649	0	0.041123502	0.01999998	0.98	6.68085	0.018395416	6.038814	1.6292405	3.7746344	-1.1300751	0	5.391045
"Barbados"	"BRB"	-1.1410776	0.31947455	-1.6194882	3.8918202	4.046554	4.16628	4.226651	4.27631	4.309688	4.322917	4.3382425	0	0	0	1	0	0.03343433	0.0	0.0	0.96656567	0.0	0.0							0.13308054	3.6165776		2.5776885			100	0				8.64717	1.6412594	6.2921677	3.6054978	3.6396046	-1.1046499	0	13.313827
"Belarus"	"BLR"	-1.1342833	0.32165256			4.1881385	4.22452	4.255937	4.2532644	4.2603755	4.232833	4.2542624	1	0	0	0	0	1.0	0.0	0.0	0.0	0.0	0.0	8.423949	4557.5	5.1710763	26.750273		-1.0054749	0.27928492	3.3864222	-0.99425226	3.9702919	0.73525083	0.0	0	0	0.046762697	0.11500001	0.885	8.51719		3.695552	3.4781585	3.3625166	-1.1342833	0	3.9154067
"Belgium"	"BEL"	-1.0585636	0.34695384	-1.8604666	4.1239033	4.2121277	4.25374	4.263895	4.2929854	4.330316	4.3589263	4.3812337	1	0	0	0	0	1.0	0.0	0.0	0.0	0.0	0.0	8.61697	5534.7876	5.8688965	34.477123	2.3025851	2.120625	0.44173273	3.2809112	-0.7765288	3.9285524	0.72998106	0.0	0	0	0.0383926	0.018499494	0.9815005	9.23611	1.9384083		4.527209	3.1562545	-1.0470694	1	3.1448045
"Belize"	"BLZ"	-1.166397	0.31148723	-0.44832042	3.8066626	4.0552573	4.11766	4.1903205	4.250593	4.2834044	4.2977085	4.328625	0	0	0	1	0	0.45979616	0.0	0.0	0.16874292	0.3714609	0.0	8.407985	4900.8765	10.475933	157.4827	1.1229197	0.5455194	0.5315337	1.0331844	-0.56211895	2.8478122	0.6951902	0.1	100	0	0.025455201	0.8678933	0.13210672	7.94272	2.0235448	1.3930993	3.988984	3.819916	-1.070555	0	10.174174
"Benin"	"BEN"	-1.1649737	0.31193087			3.523415	3.70534	3.683618	3.812139	3.8846216	3.962057	4.017924	0	0	1	0	0	0.0	0.0	0.0	1.0	0.0	0.0	8.038867	3099.9	4.0854588	16.816587	0.0	0.09532832	0.5806591	3.0689828	-0.6539265	2.2512918	0.743449	1.0	97.48924860569808	0	0.352174	0.10100001	0.899	7.45298	-0.34856805	2.9219692	2.2300143	3.6477892	-1.1512645	0	14.091902
"Bermuda"	"BMU"	-1.1114053	0.32909617	-3.506558									0	0	0	1	0	0.3828829	0.0	0.0	0.6171171	0.0	0.0								2.9957323		3.4760985			0	0									-1.0554413	0	
"Bhutan"	"BTN"	-1.2412044	0.2890359			3.5610461	3.61325	3.703432	3.83642	3.962519	4.1169896	4.2033315	0	1	0	0	0	0.0	0.0	1.0	0.0	0.0	0.0	8.626513	5580.5	8.032378	64.54252			0.47312376	1.0919234	-2.3025851	3.314186	0.71364313	0.4601328	0	0	0.136476	0.16100001	0.839	6.66696		1.5066838	1.2809339	3.7416854	-1.2412044	0	10.187919
"Bolivia"	"BOL"	-1.3517965	0.25877494	-0.051293306	3.5409594	3.69883	3.75345	3.8232143	3.9505427	4.073769	4.142558	4.1937156	0	0	0	1	0	0.23695697	0.0	0.0	0.0	0.76304305	0.0	8.449744	4866.9033	19.390005	442.03564	1.0857565	-0.35065788	0.55366963	0.9932518	-1.0216511	2.8332133	0.627874	0.0113571	64.87835699245787	0	0.45398	0.27632314	0.72367686	7.76726	1.132724	1.1537342	3.6054978	3.7485664	-1.2702974	0	11.575732
"Bosnia and Herzegovina"	"BIH"	-1.1078757	0.3302598			3.9852734	4.0978	4.1894517	4.252396	4.2116365	4.3082204	4.322813	1	0	0	0	0	1.0	0.0	0.0	0.0	0.0	0.0	8.853665	7000.0	4.625043	21.39103		1.773173	0.48860332	2.9719517	-0.5108256	3.7841897	0.7393743	0.0	0	0	0.0672865	0.0	1.0	7.83201		4.151503	2.944439	3.6532874	-1.0900704	0	
"Botswana"	"BWA"	-1.1219177	0.3256547			3.749504	3.92187	3.9971812	4.1019692	4.1591516	3.9272168	3.972356	0	0	1	0	0	0.0	0.0	0.0	1.0	0.0	0.0	7.2942986	1563.6	4.2961955	18.524406	0.02314156		0.3437656	-0.40047753	-2.9957323	3.0910425	0.7418576	0.3615499	0	1.4546963718673023	0.79926395	0.68799996	0.312	6.40853	0.27429748	-0.13190684	1.1314021	3.819742	-1.1031724	0	20.076466
"Brazil"	"BRA"	-1.1252364	0.32457572	-0.6439761	3.6027768	3.9318256	3.99814	4.070069	4.135112	4.194804	4.2504687	4.291822	0	0	0	1	0	0.6810735	0.0	0.0	0.18353604	0.13539049	0.0	8.563128	5777.3516	7.818273	94.50489	1.9749652	1.0075002	0.43232512	1.9183921	-1.609438	2.3025851	0.71525997	0.0332967	88.56728695544824	0	0.315764	0.90919244	0.09080754	8.14787	0.7195397	2.1371377	3.8044379	3.7637374	-1.0500991	0	4.7821884
"Brunei"	"BRN"	-1.1938754	0.30304456			4.1009893	4.12981	4.2062607	4.258689	4.2993736	4.3337855	4.355837	0	1	0	0	0	0.0	0.0	1.0	0.0	0.0	0.0							0.43282083	0.5364934	-1.4696759	1.5040774		0.0	100	0	0.0335407			9.09043	0.9925921	2.7572558	3.7704594	3.740489	-1.1819456	0	12.535214
"Bulgaria"	"BGR"	-1.1442994	0.31844693	-1.0834527	4.079231	4.1604443	4.23769	4.266284	4.2648964	4.271674	4.2719803	4.2974515	1	0	0	0	0	0.5073628	0.032643393	0.4599938	0.0	0.0	0.0	8.92503	7521.96	4.210897	17.742395	2.3025851	1.5141054	0.33798116	3.4616652	-0.35667497	3.7612002	0.7425018	0.0	0	0	0.0730677	0.0431	0.9569	8.33615	1.8492125	4.264288	3.613617	3.260332	-1.1118743	0	5.150665
"Burkina Faso"	"BFA"	-1.2503567	0.2864026			3.50255	3.61784	3.7111576	3.8358245	3.8805952	3.916041	4.005954	0	0	1	0	0	0.0	0.033950616	0.0	0.9660494	0.0	0.0	7.972466	2900.0	4.405797	19.41105	0.0	0.1667514	0.5525843	2.692598	-1.0498221	2.5649493	0.7410299	1.0	49.82000666128512	0	0.73184496	0.0	1.0	6.70441		2.8783193	1.5475625	3.7207837	-1.242334	0	12.694204
"Burundi"	"BDI"	-1.1101888	0.32949674			3.6635616	3.71932	3.7774837	3.8471498	3.8335671	3.828751	3.9095645	0	0	1	0	0	0.0	0.0	0.0	1.0	0.0	0.0	8.155135	3484.0	1.7224591	2.9673407	0.0		0.25862187	3.6211357	-0.7765288	1.2527629	0.7612937	1.0	75.35375738491533	0	1.00966	0.015999973	0.984	6.05209	-0.44048804	4.6971507	0.6931472	3.7843983	-1.1089377	0	20.069086
"Cambodia"	"KHM"	-1.2068169	0.299148	-0.9187939		3.673766	3.74725	3.775807	3.6538758	4.0145307	4.0511613	4.135746	0	1	0	0	0	0.0	0.0	1.0	0.0	0.0	0.0	8.424557	4572.872	10.293791	105.9916		1.0241967	0.19100375	3.042616	-0.7550226	2.5649493	0.6965657	1.0	100	0	0.147114	0.036646068	0.96335393	6.83841	1.5903113	3.4854703	2.332144	3.7493503	-1.2045943	0	12.039059
"Cameroon"	"CMR"	-1.1462754	0.3178183			3.583519	3.72581	3.8303006	3.9354765	3.975056	3.9134474	3.9330554	0	0	1	0	0	0.002155172	0.0	0.0	0.9978448	0.0	0.0	8.005749	2998.7866	3.1823225	10.474392	0.0	-1.6137158	0.62245107	2.5502262	-1.4696759	1.7917595	0.75026923	1.0	94.11981439901624	0	0.405651	0.09182644	0.90817356	7.16935	0.080687694	2.4736028	2.6318889	3.7026744	-1.1131879	0	15.975799
"Canada"	"CAN"	-1.0491015	0.3502523	-2.1150687	4.162003	4.2355547	4.26455	4.286348	4.318528	4.3486905	4.372438	4.3919497	0	0	0	1	0	0.977261	0.0	0.022739017	0.0	0.0	0.0	8.674815	6163.034	6.5350823	50.46665		1.029808	0.5379076	1.6174061	-2.8134108	4.0943446	0.72495025	0.0	0	0	1.46667	0.9534299	0.046570096	9.46622	2.123662	0.69752425	4.2355547	3.5127919	-1.0398507	1	3.8812585
"Cape Verde"	"CPV"	-1.1128999	0.32860464		3.775057	3.881564	3.95058	3.9626975	4.09173	4.1756206	4.240582	4.301007	0	0	1	0	0	0.365	0.0	0.0	0.635	0.0	0.0	8.1911545	4244.8525	5.6391807	34.120655	1.1727729		0.3488242	2.390596		2.7725887	0.7317158		0	0		1.0	0.0	6.6107		3.888259	2.8154087	3.7389233	-1.0571066	0	10.199737
"Chile"	"CHL"	-1.2619838	0.28309187	-0.21989879	3.7376697	4.001864	4.04352	4.129337	4.2368813	4.298693	4.3414874	4.3680005	0	0	0	1	0	0.44945395	0.0	0.0	0.0	0.55054605	0.0	8.655232	6015.409	13.550474	274.71185	1.6740706	0.8365244	0.1707094	0.97077894	-1.9661129	3.4011974	0.6719722	0.0	0	15.489202436018472	0.112301	0.62693894	0.3730611	8.72794	1.6530211	2.3225648	4.2165623	3.6731575	-1.1595422	0	8.958856
"China"	"CHN"	-1.1387327	0.3202246	-1.2361517	3.7819145	3.708682	3.84165	4.141582	4.2046003	4.240747	4.2660785	4.2941933	0	1	0	0	0	0.0	0.004420587	0.9955794	0.0	0.0	0.0	9.1049795	9000.0	10.00298	100.0596	2.0794415	1.737333	0.14305247	2.6878474	-1.0788096	3.5553482	0.6987618	0.0157621	0.3007317472089089	5.7695296359254815	0.76506096	0.0	1.0	6.80462	0.82469743	4.245027	2.7725887	3.6790419	-1.1360557	0	11.988264
"Colombia"	"COL"	-1.1821961	0.30660465	-0.6254886	3.634951	3.9239516	4.03807	4.108111	4.1814566	4.223991	4.2626934	4.296328	0	0	0	1	0	0.56	0.0	0.0	0.125	0.315	0.0	8.414064	4997.9824	11.785647	202.38837	1.4373991	0.40731418	0.47087824	0.99694866	-1.1086626	1.3862944	0.68529963	0.2616948	89.7632432491355	0	0.200267	0.6282475	0.37175247	8.16905	1.1212083	2.6657186	3.8066626	3.833694	-1.0777125	0	7.8001385
"Comoros"	"COM"	-1.1092016	0.3298222		3.6054978	3.6888795	3.77143	3.865085	3.9503813	4.0181727	4.0583105	4.104728	0	0	1	0	0	0.0	0.0	0.0	1.0	0.0	0.0			3.152943	10.572561	0.0		0.0	3.5799012		2.4987	0.7504911		100	0		0.5	0.5	6.94986		4.5883574	2.533697	3.7495883	-1.1092016	0	20.56829
"Congo"	"COG"	-1.1092016	0.3298222			3.6532521	3.87561	3.9784956	4.029572	4.029745	3.9916813	4.0423527	0	0	1	0	0	0.0	0.0	0.0	1.0	0.0	0.0	8.018698	3000.0	2.987377	8.924419	0.0	-1.654471	0.6284625	0.35767442	-2.65926	0.0	0.7517414	1.0	100	0	0.507805	0.0	1.0	7.70886	0.17393723	1.0766151	3.4531572	3.7221184	-1.1092016	0	20.880098
"Costa Rica"	"CRI"	-1.0737902	0.34171093	-0.40496525	3.897924	4.0483007	4.12077	4.202436	4.2842875	4.327399	4.3541937	4.371883	0	0	0	1	0	0.93867975	0.0	0.0	0.015406591	0.04591368	0.0	8.006368	5382.6675	10.839661	165.36447	1.4434999	1.1086504	0.2125274	1.4838747	-0.43078294	2.3025851	0.69244343	0.0	94.01733788998786	0	0.0357302	0.68594575	0.31405425	8.27843	1.3694592	3.1963122	3.5351453	3.799073	-1.0491661	0	3.9223287
"Cote d'Ivoire"	"CIV"	-1.1845194	0.30589315			3.583519	3.70687	3.7821088	3.9397206	3.963555	3.9152353	4.002623	0	0	1	0	0	0.0	0.0	0.0	1.0	0.0	0.0	8.470341	3549.679	4.543559	20.70295	0.0	0.18296112	0.5990694	2.2772672	-1.2039728	2.0794415	0.7399896	1.0	100	0	0.272162	0.41948444	0.58051556	7.45819	-0.08211851	2.4199712	2.8735647	3.7794282	-1.1517875	0	13.832062
"Croatia"	"HRV"	-1.0863314	0.3374522			4.114147	4.19012	4.232625	4.2509975	4.2790313	4.287823	4.3369718	1	0	0	0	0	1.0	0.0	0.0	0.0	0.0	0.0	8.168315	7043.6377	4.858727	23.625177		1.7695369	0.31409955	3.260785	-0.1863296	3.8103595	0.7376095	0.0	0	0	0.0338831	0.069446445	0.93055356	8.45766	1.6638083	4.279303	3.407842	3.304904	-1.0701506	0	4.5900817
"Cuba"	"CUB"	-1.1038427	0.3315944			4.082609	4.15739	4.2438507	4.2981334	4.3102593	4.335535	4.3689938	0	0	0	1	0	0.63131315	0.0	0.0	0.28282827	0.08585858	0.0	8.859371	5629.0767	5.982806	42.64647		1.2142997	0.46423703	3.3796332	-0.22314353	3.068053	0.72912085	0.0	100	0	0.0210312	0.9746697	0.025330303	8.00936	1.4367771	4.180985	4.067316	3.5569844	-1.0403683	0	7.077656
"Cyprus"	"CYP"	-1.1146576	0.32802758		4.0430512	4.204693	4.22909	4.283954	4.314129	4.3373523	4.3561563	4.3742514	1	0	0	0	0	0.66944736	0.16527633	0.16527633	0.0	0.0	0.0	8.504016	8732.541	4.3141093	18.764896			0.08970724	2.3617969		3.5553482	0.7417223	0.0	0	0	0.0110395	0.20499998	0.795	8.44398	1.6237346	4.1273437	3.5723455	3.6027298	-1.0836405	0	4.540665
"Czech Republic"	"CZE"	-1.1338451	0.32179356	-1.245953	4.0656023	4.2121277	4.25347	4.2404666	4.2524595	4.2680726	4.3170652	4.349302	1	0	0	0	0	1.0	0.0	0.0	0.0	0.0	0.0	9.071817	6502.487	4.387732	19.262966	2.3025851	2.0608103	0.27926978	3.6861258	-0.7339692	3.9070106	0.7411664	0.0	0	0	0.0769749	0.0153846145	0.9846154	9.04759	2.1203055	4.8284245	4.085976	3.2507339	-1.1331612	1	3.3421216
"Denmark"	"DNK"	-1.0777297	0.34036738	-2.1086645	4.18205	4.26268	4.27912	4.2951527	4.3054385	4.3148894	4.3385015	4.3707128	1	0	0	0	0	0.99527675	0.002361639	0.002361639	0.0	0.0	0.0	8.614495	5512.538	5.714107	32.65847	2.3025851	1.5527161	0.07868178	3.9845297	-0.63487834	4.0253515	0.73115	0.0	0	0	0.022714399	0.010131717	0.9898683	9.4618	2.0570815	4.683232	4.3000026	3.227059	-1.076539	1	3.4749274
"Dominica"	"DMA"	-1.1504012	0.31650975	0.18065347									0	0	0	1	0	0.04037957	0.0	0.0	0.9232788	0.03634161	0.0							0.18253987	1.8976198		2.7354493			100	0									-1.0969236	0	13.465435
"Dominican Republic"	"DOM"	-1.1318495	0.32243633	-1.6194882	3.3978584	3.8264651	3.94735	4.067942	4.1431537	4.215148	4.261182	4.2931957	0	0	0	1	0	0.525	0.0	0.0	0.3533	0.1217	0.0	8.432793	5272.0303	6.0253344	47.40447	1.6156462	1.0015699	0.35725477	3.1201599	-0.08338159	2.944439	0.7287997	0.0	87.81660113130476	0	0.029725	0.9619676	0.03803243	7.55224	1.015029	4.202853	3.407842	3.8689075	-1.0460073	0	8.211717
"Ecuador"	"ECU"	-1.2871528	0.27605566	-0.07235562	3.6712246	3.8795	3.97264	4.0565724	4.141863	4.23203	4.2958155	4.323633	0	0	0	1	0	0.35	0.0	0.0	0.05	0.6	0.0	8.44669	4927.002	15.929182	317.41995	1.2034088	0.45053443	0.503801	1.7647308	-0.6539265	0.6931472	0.654009	0.195974	73.16508036609258	0	0.18535401	0.38897616	0.61102384	8.18758	1.1688334	2.7695408	3.523415	3.767727	-1.1770949	0	10.406094
"Egypt"	"EGY"	-1.1107237	0.32932052	-0.9853819	3.4339871	3.7471485	3.8272	3.92103	4.0280304	4.1273413	4.235304	4.2901206	0	0	1	0	0	0.0	1.0	0.0	0.0	0.0	0.0	8.861781	7079.0	2.381034	5.781835	2.175943	1.304883	0.16855389	1.0331844	-5.48224	3.295837	0.7563203	0.0	0	16.497606799128874	0.22420199	0.055000007	0.945	7.28551	-0.2128107	3.2946997	3.634951	3.7856526	-1.1107237	0	4.83833
"El Salvador"	"SLV"	-1.2043937	0.29987374	-0.030046945	3.48124	3.813307	3.93776	4.035224	4.0400224	4.189516	4.2442236	4.272942	0	0	0	1	0	0.455	0.0	0.0	0.0	0.545	0.0	8.444102	5100.0	13.395143	227.77272	1.1512926	0.8335745	0.18048654	3.4304326	-0.12783338	2.6270812	0.6731452	0.0	100	0	0.0442959	0.5	0.5	7.92805	0.67754847	4.818803	3.6454499	3.8080184	-1.1187958	0	8.450272
"Equatorial Guinea "	"GNQ"	-1.1109744	0.32923797		3.4781585	3.5409594	3.60361	3.6824553	3.756869	3.8451445	3.8854792	3.9286993	0	0	1	0	0	0.0	0.0	0.0	1.0	0.0	0.0			3.3004065	11.550396	0.137208	-1.4309951	0.29765716	1.5325569	-2.8134108	0.6931472	0.7493775	1.0	100	0	0.0851343	0.9069453	0.09305473	6.99301		2.1626344	3.2386785	3.6117692	-1.1069928	0	20.528912
"Estonia"	"EST"	-1.1148995	0.32794824	-1.292804			4.22747	4.2499022	4.2345853	4.240976	4.254436	4.3231955	1	0	0	0	0	1.0	0.0	0.0	0.0	0.0	0.0	8.24305	3817.9888	5.7362638	32.91544		-0.9730633	0.40957	2.990217	-0.967584	4.0775375	0.7309827	0.0	0	0	0.084040396	0.014285743	0.98571426	8.98005	1.941786	3.3520002	4.051785	3.1218696	-1.0999763	0	8.865375
"Fiji"	"FJI"	-1.3432668	0.26099166			4.010963	4.02175	4.092689	4.14328	4.183131	4.213716	4.237374	0	0	0	0	1	0.0	0.46249074	0.0	0.0	0.0	0.53750926			13.325858	213.98515	0.97617155	0.810603	0.4369263	2.3933394		2.8903718	0.6736684		100	0		0.46785718	0.5321428	8.37747	1.4854184	3.0694344	3.3911471	3.877596	-1.1876262	0	11.476062
"Finland"	"FIN"	-1.102931	0.33189684	-1.4986571	4.0483007	4.19419	4.23149	4.251056	4.2964687	4.314994	4.3498373	4.3804097	1	0	0	0	0	1.0	0.0	0.0	0.0	0.0	0.0	8.160519	3500.0	5.845452	34.16931	2.3025851		0.12354181	1.9699056	-3.506558	4.158883	0.7301581	0.0	0	0	0.18167	0.0	1.0	9.11019	1.7348881	2.677098	3.6402142	3.4146502	-1.0965271	1	10.922708
"France"	"FRA"	-1.0415289	0.3529147	-1.2758268	4.0943446	4.1972017	4.25191	4.271912	4.304757	4.338597	4.3689227	4.398986	1	0	0	0	0	0.976881	0.023119	0.0	0.0	0.0	0.0	8.922159	7499.542	5.9949703	36.298573	2.3025851	2.1690361	0.09823031	3.5121422	-0.38566247	3.8286414	0.729029	0.0	0	0	0.053724498	0.03107661	0.9689234	9.31677	1.434236	4.4433393	4.12552	3.2721014	-1.0394766	1	3.2156706
"Gabon"	"GAB"	-1.1092016	0.3298222			3.637586	3.67803	3.8423703	4.00449	4.1156025	4.0891805	4.1317477	0	0	1	0	0	0.0	0.0	0.0	1.0	0.0	0.0	8.016713	3050.1663	3.327243	11.166387		-1.6126094	0.5703918	0.23111172	-1.7147983	0.0	0.74917483	1.0	100	0	0.236024	0.25771284	0.74228716	8.72274	0.0102146715	0.54864603	2.85647	3.4120116	-1.1092016	0	19.394001
"Gambia, The "	"GMB"	-1.2574322	0.28438333			3.4011974	3.58929	3.643944	3.861596	3.9726486	4.010179	4.063198	0	0	1	0	0	0.0	0.0	0.0	1.0	0.0	0.0	8.009549	3014.4026	6.052353	36.634247	0.009475186	0.17305362	0.58020353	3.349904	-0.7765288	2.6002176	0.7285957	1.0	89.35480344032106	0	0.0262397	0.004999995	0.995	6.90575	-0.7678344	3.5609126	2.4932055	3.6649318	-1.2574322	0	13.81199
"Georgia"	"GEO"	-1.1540947	0.3153429			4.119037	4.1499	4.2069244	4.2393503	4.25203	4.2705793	4.2949333	0	1	0	0	0	0.8796095	0.029284164	0.09110629	0.0	0.0	0.0	8.745197	6365.0	4.205682	17.761122	2.3025851	-0.24751504	0.40030113	2.4344902	-0.7339692	3.7376697	0.74254113	0.0	0	0	0.24033299	0.125	0.875	8.6403		4.088854	3.744787	3.3561625	-1.1361127	0	4.9958506
"Germany"	"DEU"	-1.0784254	0.3401307	-1.7004446	4.15104	4.2121277	4.24195	4.2576094	4.287972	4.3216944	4.35577	4.381874	1	0	0	0	0	0.99472016	0.005279831	0.0	0.0	0.0	0.0	8.987403	8002.761	5.4196167	29.404339		2.1616652	0.15546581	3.521348	-0.7133499	3.9318256	0.73337394	0.0	0	0	0.041169602	0.005268693	0.9947313	9.38017	1.6330646		4.2682977	3.0575209	-1.075307	1	3.51613
"Ghana"	"GHA"	-1.1721678	0.30969486			3.7376697	3.82554	3.8899605	3.9723735	4.0402937	4.067012	4.1563373	0	0	1	0	0	0.0	0.0	0.0	1.0	0.0	0.0	8.156115	3486.6	4.291841	18.432783	0.0	0.16329266	0.5148168	2.8541687	-0.79850775	2.0794415	0.74189043	1.0	100	0	0.27757102	0.01999998	0.98	7.28276	0.07332057	3.4203615	3.1484532	3.7865138	-1.1500481	0	13.81199
"Greece"	"GRC"	-1.1078757	0.3302598	-0.8935241	3.996364	4.1881385	4.23193	4.272407	4.3096614	4.3430133	4.3552694	4.3868623	1	0	0	0	0	1.0	0.0	0.0	0.0	0.0	0.0	9.047821	8500.0	4.270529	18.23742	2.3025851	2.741866	0.1463749	3.0568273	-0.2357223	3.6635616	0.7420514	0.0	0	0	0.0411515	0.0	1.0	8.52258	2.0040526	4.168271	3.7588718	3.2768476	-1.0900704	1	4.5524073
"Grenada"	"GRD"	-1.1437064	0.31863582	-1.6194882	3.8501475		4.14485	4.1607223	4.1745305	4.233053	4.296029	4.3262553	0	0	0	1	0	0.06352459	0.0	0.0	0.9177254	0.01875	0.0							0.23596816	1.0784096		2.494582			100.00000000000001	0				7.54486		5.580262	3.4111476	3.8937593	-1.0957901	0	12.894178
"Guatemala"	"GTM"	-1.2947992	0.27395287	-0.21616788	3.4144425	3.7376697	3.81841	3.9521644	4.04851	4.1317477	4.2157383	4.260218	0	0	0	1	0	0.28061223	0.0	0.0	0.0	0.71938777	0.0	8.307875	4290.252	16.470167	310.3165	0.5219234	0.06890005	0.41356555	2.554899	-0.105360545	2.74084	0.6499236	0.0153678	78.37599235323688	0	0.104894996	0.26275557	0.7372444	8.08425	0.37421212	3.644351	3.437208	3.822222	-1.1981584	0	10.147902
"Guinea"	"GNB"	-1.2574322	0.28438333		3.4275146	3.48124	3.54117	3.6165454	3.6902966	3.757102	3.804101	3.8649452	0	0	1	0	0	0.0	0.0	0.0	1.0	0.0	0.0	8.03587	3913.1594	5.9516726	35.494366	0.06952595	0.22420031	0.59233963	2.3674362	-0.4780358	2.4849067	0.729356	1.0	100	0	0.0422559	0.03833002	0.96167	6.14847		3.0878725	2.6100698	3.7204854	-1.2574322	0	13.81199
"Guinea-Bissau"	"GIN"	-1.2574322	0.28438333			3.4339871	3.5952	3.5251224	3.659315	3.7766771	3.8734932	3.9822686	0	0	1	0	0	0.0	0.0	0.0	1.0	0.0	0.0	8.054873	3151.5	5.629013	31.797571	0.0	-0.28807354	0.5532769	1.3787661	-0.56211895	2.3978953	0.73179257	1.0	100	0	0.280026	0.394	0.606	6.44572		2.510834	2.3513753	3.6888685	-1.2574322	0	13.81199
"Guyana"	"GUY"	-1.1588354	0.31385148	-0.68319684	3.8918202	3.9569964	4.02708	4.027679	4.086373	4.112536	4.165863	4.2420335	0	0	0	1	0	0.0424	0.494	0.004	0.3798	0.0798	0.0	8.502184	5839.3506	6.525871	59.38956			0.48211622	0.89199805	-0.7765288	1.609438	0.7250198	0.5083628	100	0	0.22974001	0.9497708	0.050229196	7.50988	1.5748637	1.065804	3.3672957	3.8346014	-1.063647	0	10.530728
"Haiti"	"HTI"	-1.1418484	0.3192284	-2.141317	3.5409594	3.627004	3.74153	3.8518903	3.9294646	4.008976	4.066838	4.1233044	0	0	0	1	0	0.025030036	0.0	0.0	0.97497	0.0	0.0	7.9046826	2903.2632	3.9368956	16.33278	0.111617826	-0.53083354	0.09075436	3.342862	-0.09431065	2.944439	0.7445709	1.0	100	0	0.0248002	1.0	0.0	7.34537	-0.19783068	4.8988166	2.7472708	3.6966798	-1.1063133	0	13.54531
"Honduras"	"HND"	-1.1949586	0.3027165	-0.49511635	3.48124	3.7328963	3.83543	3.959668	4.0846086	4.1947837	4.2539377	4.288072	0	0	0	1	0	0.46244624	0.0	0.0	0.0210021	0.5165517	0.0	8.404693	4924.39	13.656617	236.16644	1.0704035	0.71961075	0.17117634	2.2565413	-0.3147107	2.7080503	0.67117065	0.1	94.6362638034219	0	0.0798539	0.4798783	0.5201217	7.63434	0.6727118	2.8589091	3.122365	3.821888	-1.1090127	0	8.39684
"Hong Kong"	"HKG"	-1.138013	0.32045513	-3.1700857		4.1108737	4.19029	4.269032	4.313121	4.348735	4.3929424	4.4173703	0	1	0	0	0	0.0	0.0	1.0	0.0	0.0	0.0	9.070395	8772.263	10.114602	102.5271	2.0272014		0.060108725				0.6979189	0.0	0	0		1.0	0.0	8.43468	1.5910022	7.990016	4.4450016	3.7106352	-1.138013	0	12.117326
"Hungary"	"HUN"	-1.104762	0.33128974	-1.3182299	4.0253515	4.1526136	4.21955	4.23649	4.2350006	4.2386703	4.2661433	4.306863	1	0	0	0	0	1.0	0.0	0.0	0.0	0.0	0.0	8.908495	7399.4185	4.76933	22.766657	2.3025851	1.1491886	0.14167316	3.9112227	-0.1863296	3.8501475	0.73828465	0.0	0	0	0.0487502	0.07132709	0.9286729	8.67368	2.0068016	4.708436	4.0235643	3.2315588	-1.099912	1	11.004282
"Iceland"	"ISL"	-1.0770804	0.34058845	-1.7573581	4.1108737	4.276666							1	0	0	0	0	1.0	0.0	0.0	0.0	0.0	0.0							0.07677213	-2.65926	-5.809143	4.1743875		0.0	0	9.085976039395224									-1.0770804	1	3.148021
"India"	"IND"	-1.1374893	0.32062298	0.11871381	3.4011974	3.6558397	3.74777	3.8948288	4.0136237	4.0665083	4.1208873	4.176406	0	1	0	0	0	0.0	1.0	0.0	0.0	0.0	0.0	9.044097	8475.5	6.8982544	47.60848	2.081896	2.172011	0.34938845	3.988984	-0.6931472	2.9957323	0.72220767	0.3326023	39.44693720919765	4.494773291059892	0.34261498	0.021000028	0.979	6.95368	0.10493894	5.0093217	2.8848007	3.7058144	-1.1278645	0	6.0438747
"Indonesia"	"IDN"	-1.2091099	0.2984628	-0.13067833	3.5351453	3.624341	3.7173	3.9479687	4.0533686	4.128808	4.1842823	4.2325063	0	1	0	0	0	0.0	0.0	1.0	0.0	0.0	0.0	8.301788	4047.7134	12.22726	149.55354	1.107972	0.11458785	0.55108464	2.4265711	-1.1086626	1.609438	0.68196476	0.4516813	99.83455984240312	0	0.076184504	0.009542704	0.9904573	7.25205	0.44969612	4.0124354	2.6810215	3.6871843	-1.2091099	0	11.818276
"Iran"	"IRN"	-1.1574267	0.3142939	-0.9902065	3.6627922	3.830813	3.87523	3.9366314	3.9578419	4.125689	4.244769	4.2870545	0	1	0	0	0	0.0	0.7525773	0.24742268	0.0	0.0	0.0	9.159308	9502.552	4.4400883	19.716759		0.89357626	0.5118651	2.1690538	-2.3025851	3.465736	0.740771	0.1246762	0	0.5426872857539721	0.493337	0.0051020384	0.99489796	8.0861	-0.08345506	2.5825744	3.5174978	3.7256653	-1.1296242	0	6.3418403
"Iraq"	"IRQ"	-1.1217827	0.32569867	-0.3744026	3.6627922	3.7841897	3.91579	4.0551724	4.0480337	4.212634	4.2590604	4.22663	0	1	0	0	0	0.0	0.98	0.02	0.0	0.0	0.0	9.1846695	9773.04	3.804231	14.530263		0.7130956	0.3140148	2.5241272	-2.5257287	3.4965076	0.74557275	0.0281283	0	0.00978036350881942	0.500556	0.11140001	0.8886	8.29854	-0.64552283	2.7471328	3.7588718	3.740989	-1.1090702	0	4.8610964
"Ireland"	"IRL"	-1.0585636	0.34695384	-1.18526	4.091006	4.203199	4.2441	4.2626266	4.2842674	4.314033	4.337823	4.385669	1	0	0	0	0	1.0	0.0	0.0	0.0	0.0	0.0	8.520781	5021.6196	6.6366262	44.076572	2.3025851	0.38860992	0.11389549	2.7491922	-1.1086626	3.9702919	0.72418344	0.0	0	0	0.0436382	0.018999994	0.981	8.75337	2.0789201	3.7162273	3.824284	3.4302657	-1.0470694	1	3.1448045
"Isle of Man"	"IMN"	-1.0770804	0.34058845															1.0	0.0	0.0	0.0	0.0	0.0																							-1.0770804		
"Italy"	"ITA"	-1.0843426	0.338124	-0.20285276	4.0724397	4.189655	4.2359	4.2705193	4.303297	4.341973	4.374836	4.4035015	1	0	0	0	0	1.0	0.0	0.0	0.0	0.0	0.0	8.979707	7948.5	5.0742135	25.752434	2.3025851	3.113893	0.10842292	3.3614166	-0.2876821	3.7573166	0.7359823	0.0	0	0	0.0516288	0.041999996	0.958	9.08783	1.58112	5.1397686	4.0842943	3.2192676	-1.0815504	1	3.9915917
"Jamaica"	"JAM"	-1.1376541	0.32057017	-2.141317	3.9721768	4.069027	4.1625	4.2223134	4.2554073	4.257676	4.2552195	4.288363	0	0	0	1	0	0.07206395	0.014750591	0.0	0.9131855	0.0	0.0	7.9799047	3214.1292	4.189245	19.015778	0.44215873	-0.36133608	0.3456401	2.7769542		2.904165	0.7426653	0.0	100	0	0.012252499	1.0	0.0	8.36962	1.3499773	5.0151067	3.5204608	3.730053	-1.0948466	0	13.20756
"Japan"	"JPN"	-1.1590977	0.31376916	-0.88071465	3.8774316	4.1573195	4.21458	4.2759748	4.331939	4.36738	4.395388	4.4180293	0	1	0	0	0	0.0	0.0	1.0	0.0	0.0	0.0	8.411833	4500.0	12.02971	144.714	2.0794415	-0.1947441	0.011857422	2.5071573	-0.2876821	3.583519	0.6834565	0.0	0.006131225749628325	0	0.039792098	0.0	1.0	8.6694	2.0803242	5.54748	3.7635229	3.4062405	-1.1588765	1	12.993673
"Jordan"	"JOR"	-1.1117826	0.32897204			3.7658405	3.84726	4.109691	4.2052417	4.2546835	4.2777076	4.2944193	0	1	0	0	0	0.022222223	0.9777778	0.0	0.0	0.0	0.0	9.247303	10403.163	2.9727018	8.938369	2.3025851	1.9027282	0.4653679	1.0079579	-3.218876	3.4339871	0.7518522	0.0	0	15.331683542107124	0.235173	0.66663444	0.33336556	8.00803	0.87869	2.2634275	3.929863	3.7647665	-1.1107595	0	4.7108746
"Kazakhstan"	"KAZ"	-1.1435266	0.31869316			4.0342407		4.130316	4.199071	4.2244453	4.1823106	4.2238417	0	1	0	0	0	0.38241526	0.56567794	0.05190678	0.0	0.0	0.0	8.72008	6182.661	6.274377	40.06004		-1.1023928	0.48064804	2.0769384	-0.7339692	3.871201	0.726919	0.0	0	9.747162957702038	2.2916799	0.3312096	0.6687904	8.9118	1.3116695	1.3076438	3.788725	3.5901275	-1.0974965	0	8.026226
"Korea, North"	"PRK"	-1.1450148	0.3182192			3.8607297	4.01135	4.1202617	4.215066	4.255134	4.176086	4.227303	0	1	0	0	0	0.0	0.0	1.0	0.0	0.0	0.0			10.771979	116.03965		-0.078592315	0.038451187	3.0722303	-0.4155154	3.6888795	0.69295454	0.0	0	0	0.0697366	0.007000029	0.993	7.39203			3.693867	3.6068935	-1.1450148	0	10.521579
"Korea, South"	"KOR"	-1.1450148	0.3182192	-1.6847004	3.885679	3.8607297	3.99178	4.114266	4.1866493	4.2668242	4.3288302	4.3915057	0	1	0	0	0	0.0	0.0	1.0	0.0	0.0	0.0	8.411833	4500.0	10.94793	119.8572	2.0794415	-0.0913934	0.0019960066	2.85647	-0.2613648	3.6109178	0.6916258	0.0	0	0	0.0529981	0.0	1.0	7.37776	1.4672905	5.525569	3.3214324	3.7106338	-1.1450148	1	10.521579
"Kuwait"	"KWT"	-1.1133709	0.32844993			4.021774	4.08395	4.2021875	4.2549987	4.286092	4.3007145	4.312204	0	1	0	0	0	0.0	1.0	0.0	0.0	0.0	0.0	8.991628	8074.4717	4.0978527	16.792982			0.50705856	-0.5798185	-5.2983174	3.3843904	0.74335545	0.0	0	0	0.0340444	0.7514868	0.24851322	10.6553	0.8811058	2.7972164	4.316154	3.5851662	-1.1101335	0	5.258344
"Kyrgyzstan"	"KGZ"	-1.1320877	0.32235956			4.01458		4.0980268	4.1410728	4.223874	4.227688	4.2394323	0	1	0	0	0	0.25963718	0.0	0.7403628	0.0	0.0	0.0	8.7756	6502.7383	6.5176263	42.908226		-0.93607104	0.51592183	1.9401795	-2.1202636	3.713572	0.7250821	0.0	0	0	1.8949699	0.09267205	0.90732795	8.18535	1.4885514	2.426619	3.5322256	3.5936034	-1.1151893	0	8.658093
"Lao People's Dem Rep"	"LAO"	-1.3052865	0.27109486	-0.9187939		3.6323092	3.78373	3.8293483	3.8869557	3.9946756	4.117322	4.2056475	0	1	0	0	0	0.0	0.0	1.0	0.0	0.0	0.0	8.736007	6270.0	10.934579	119.65185	2.0794415	-0.59432197	0.414664	1.3350011	-1.2378744	2.8903718	0.6917266	1.0	54.79420381215124	0	0.26799798	0.100000024	0.9	6.89061	0.41500798	2.3031743	2.0668628	3.739901	-1.3052865	0	12.823391
"Latvia"	"LVA"	-1.1342833	0.32165256			4.189655	4.24544	4.2461405	4.231328	4.2380576	4.2529798	4.297053	1	0	0	0	0	1.0	0.0	0.0	0.0	0.0	0.0	8.29912	4063.84	5.479636	30.03419	2.3025851	-1.1533133	0.46163622	3.3921566	-1.2729657	4.0430512	0.73292065	0.0	0	0	0.127878	0.0	1.0	8.92532	1.5396646	3.526701	3.9684033	3.1014993	-1.1342833	0	8.20096
"Lebanon"	"LBN"	-1.1135515	0.32839063	-0.6618423	3.6627922	4.0253515	4.11086	4.1708817	4.19832	4.229342	4.2575545	4.282327	0	1	0	0	0	0.02	0.96	0.02	0.0	0.0	0.0	9.240045	10325.0	3.1103497	9.78866		2.207566	0.12345581	2.9215474	-0.34249035	3.5214465	0.75081277	0.0	0	0	0.044134602	0.27999997	0.72	8.14729		5.162538	3.744787	3.7166271	-1.1079882	0	4.713632
"Lesotho"	"LSO"	-1.1092016	0.3298222			3.6480575	3.83902	3.889746	3.9826443	4.083062	3.8625462	3.8578851	0	0	1	0	0	0.0	0.0	0.0	1.0	0.0	0.0	7.3132205	1500.0	4.445932	19.76631	0.0	-2.535299	0.22713557	2.3860066	-0.40047753	3.3843904	0.7407268	0.0	0	0	0.238319	0.0	1.0	6.41673	1.0833108	3.3421202	1.2237755	3.7625716	-1.1092016	0	20.56829
"Liberia"	"LBR"	-1.2172633	0.29603922			3.624341	3.69426	3.7211387	3.780733	3.7442386	3.8278654	4.0279837	0	0	1	0	0	0.0	0.0	0.0	1.0	0.0	0.0	8.076126	3227.4875	5.402836	29.316347		0.1312585	0.6462589	1.3737156	-1.5606477	1.8718022	0.73350066	1.0	100	0	0.087426595	0.039900243	0.96009976	7.80466	-0.32067168	2.3934684	2.9231615	3.7236755	-1.1790112	0	13.81199
"Liechtenstein"	"LIE"	-1.0622944	0.34566182										1	0	0	0	0	1.0	0.0	0.0	0.0	0.0	0.0							0.45273665	3.218876		3.8558054			0	0									-1.0502657	0	
"Lithuania"	"LTU"	-1.1342833	0.32165256	-1.1805818			4.24631	4.259921	4.25536	4.264941	4.276937	4.294128	1	0	0	0	0	1.0	0.0	0.0	0.0	0.0	0.0	8.272214	3960.9746	5.2375627	27.438559		-0.8381111	0.27934995	3.8456695	-0.8675006	4.0253515	0.7347487	0.0	0	0	0.0604537	0.13522398	0.864776	8.89151	1.6170553	3.7867029	3.6763008	3.300918	-1.1342833	0	10.080332
"Luxembourg"	"LUX"	-1.0761585	0.3409026		4.1271343	4.1881385	4.23308	4.246716	4.276114	4.3155303	4.3550816	4.3831234	1	0	0	0	0	1.0	0.0	0.0	0.0	0.0	0.0	8.609088	5485.404	5.7197833	32.717976	2.3025851	2.1188254	0.42542326		-0.597837	3.9070106	0.7311071	0.0	0	0	0.0223941	0.009132445	0.99086756	9.72442	1.9106864		4.2427645	3.0604634	-1.0547082	1	3.2939878
"Macedonia (Former Yug. Rep)"	"MKD"	-1.1095381	0.32971123			4.0073333	4.10629	4.1946864	4.2435775	4.2666125	4.289229	4.312393	1	0	0	0	0	0.9726871	0.013656433	0.013656433	0.0	0.0	0.0	8.931271	7577.77	4.326451	18.746653		1.7734281	0.4069693	3.0828269	-0.82098055	3.7336934	0.7416291	0.0	0	0	0.142786	0.10869998	0.8913	7.93916		3.9838588	3.5263605	3.6171107	-1.0898882	0	4.807308
"Madagascar"	"MDG"	-1.2017819	0.300658			3.6296601	3.6859	3.7819054	3.8755276	3.9267616	4.088906	4.196707	0	0	1	0	0	0.0	0.0	0.93	0.07	0.0	0.0	7.608833	2033.0	3.265208	10.7053795	0.013815511		0.6307929	1.6074358	-1.3470737	2.9957323	0.7496433	1.0	65.22437388940375	0	0.097816594	0.0059999824	0.994	7.49164		2.2434945	2.3608541	3.7511275	-1.182943	0	11.688062
"Malawi"	"MWI"	-1.1092016	0.3298222			3.589059	3.63161	3.7025166	3.7918015	3.8521514	3.8292875	3.978983	0	0	1	0	0	0.0	0.0	0.0	1.0	0.0	0.0	7.4980674	1808.4	2.750419	7.777364	0.0		0.5154549	3.105483	-0.63487834	2.6026897	0.7535308	1.0	39.22364985094371	0	0.519043	0.08499998	0.915	6.286	0.08154882	3.599988	1.4816046	3.825682	-1.1092016	0	20.56829
"Malaysia"	"MYS"	-1.1827935	0.30642155	-1.1491691	3.7518542	3.881564	3.9875	4.157956	4.210687	4.2494287	4.278643	4.304397	0	1	0	0	0	0.0	0.07973422	0.9202658	0.0	0.0	0.0	8.629282	5900.7524	10.646887	114.74739	2.0703874	-0.21928807	0.46245143	1.7119945	-1.3093333	0.91629076	0.6938992	0.2543278	100	0	0.0717327	0.3266778	0.6733222	7.71824	1.0431656	3.244684	3.2809112	3.8175488	-1.1565223	0	12.10972
"Mali"	"MLI"	-1.2201633	0.29518196			3.5351453	3.58917	3.540842	3.6790774	3.7878697	3.8553102	3.9309397	0	0	1	0	0	0.0	0.11235955	0.0	0.8876405	0.0	0.0	8.010838	3014.5	5.1295977	26.328043	0.020723267	-1.5412965	0.5250835	1.3350011	-2.207275	2.8332133	0.735564	0.9899238	11.687950070578438	26.132130661449526	1.0364499	0.028999984	0.971	6.6053	-1.6559631	1.3039013	2.4069452	3.7005239	-1.1809266	0	13.757853
"Malta"	"MLT"	-1.0827438	0.33866504		4.0253515	4.1881385	4.22762	4.2548084	4.2895336	4.319829	4.3592696	4.3938165	1	0	0	0	0	0.97883916	0.021160847	0.0	0.0	0.0	0.0	8.927566	7548.8	5.10896	26.152863	2.3025851		0.04059689	3.218876		3.5788786	0.73571986		0	0		0.04699999	0.953	7.68064	1.4238127	6.934023	4.5009203	3.6753578	-1.0817914	0	3.95868
"Marshall Islands"	"MHL"	-1.5602771	0.21007785								4.1780577		0	0	0	0	1	0.0	0.0	0.00513347	0.0	0.0	0.99486655							0.058587726	2.4078455		2.1972246			100	0				7.37901			3.5723455		-1.5576743	0	
"Mauritius"	"MUS"	-1.1412287	0.3194263	-0.113168694	3.465736	3.9318256	4.08425	4.145022	4.204513	4.2399573	4.2719803	4.2900114	0	0	1	0	0	0.02	0.68	0.165	0.135	0.0	0.0	8.809308	7440.0605	6.299044	41.27764	1.9250883		0.3807625	3.8971124		3.0097995	0.72673273	0.0	100	0		1.0	0.0	8.27792	1.2619992	5.7890844	3.50255	3.8419306	-1.0887758	0	8.043985
"Mexico"	"MEX"	-1.2303797	0.2921816	-0.47666574	3.775057	3.9239516	4.0442	4.1162148	4.198282	4.259733	4.307764	4.33969	0	0	0	1	0	0.3939394	0.0	0.0	0.0	0.6060606	0.0	8.463685	4991.4336	14.286494	246.50139	0.72777796	0.4845673	0.43295056	2.56418	-0.82098055	3.1354942	0.6664141	0.0411304	27.92822795690076	1.704476130709012	0.207121	0.37393826	0.62606174	8.46295	1.0177667	2.9879732	3.9278963	3.8206306	-1.1384102	1	9.044684
"Micronesia"	"FSM"	-1.5586437	0.21042126				4.05329	4.1212068	4.1772075	4.192644	4.20877	4.2306924	0	0	0	0	1	0.0	0.0	0.008998875	0.0	0.0	0.9910011							0.5309435	1.742219		1.933934			100	0				7.7626		4.0890207	3.1045866	3.81505	-1.5541105	0	
"Moldova"	"MDA"	-1.1165642	0.32740277			4.067316	4.12395	4.1716943	4.1708226	4.2112927	4.2030234	4.23271	1	0	0	0	0	1.0	0.0	0.0	0.0	0.0	0.0	8.853913	7018.425	4.4009676	19.43491		-0.59471446	0.4404963	4.0142183	-0.32850403	3.8501475	0.7410664	0.0	0	0	0.0280568	0.17955512	0.8204449	8.54675		4.5134673	3.152736	3.4590473	-1.1005678	0	4.536134
"Mongolia"	"MNG"	-1.1534504	0.31554615			3.744787	3.84418	4.0207386	4.048875	4.103276	4.145059	4.222371	0	1	0	0	0	0.0	1.0	0.0	0.0	0.0	0.0	8.528109	5072.0	8.973991	80.74109	2.0794415	-1.6004549	0.31351355	-0.2876821	-2.4079456	3.8286414	0.70653236	0.0	0	1.4896948137870085	1.6758101	0.032999992	0.967	6.81564	1.0518641	-0.48695743	3.5751507	3.609023	-1.1534504	0	10.03703
"Morocco"	"MAR"	-1.0929813	0.3352156	-1.5230309	3.6627922	3.7588718	3.84329	3.9416718	4.0540648	4.161162	4.2293873	4.274784	0	0	1	0	0	0.0033	0.9967	0.0	0.0	0.0	0.0	8.219117	3799.5	5.4852896	30.17649	2.279397	0.88759696	0.39477968	2.9775684	-1.8325815	3.465736	0.7328779	0.0	0	0.6138048618807664	0.178334	0.097	0.903	7.5999	-0.7511851	3.326256	3.3809946	3.8026788	-1.0726395	0	5.950972
"Mozambique"	"MOZ"	-1.1091015	0.32985517		3.8066626	3.5115454	3.55524	3.6690805	3.756676	3.765291	3.8551955	3.9059432	0	0	1	0	0	0.002026342	0.0	0.0	0.9979737	0.0	0.0	7.2442274	1400.0	3.947621	15.58371	0.0		0.5266297	1.6034198	-1.0788096	2.904165	0.7444899	1.0	87.3647570459732	0	0.203434	0.0	1.0	7.23201	-0.17989673	2.2515087	1.3083328	3.7438114	-1.1088024	0	20.534752
"Myanmar (Burma)"	"MMR"	-1.195198	0.302644	-0.47612143	3.6000483	3.6082115	3.77697	3.9116306	4.00798	4.0478415	4.1248045	4.169175	0	1	0	0	0	0.0	0.0	1.0	0.0	0.0	0.0	8.546351	5195.0	9.13593	83.6		0.5014614	0.40958062	2.712706	-0.7765288	3.0910425	0.70530945	0.7168632	50.24476883718649	0	0.261538	0.055000007	0.945	6.54391	0.073532246		2.9549103	3.7058964	-1.1723076	0	10.529254
"Namibia"	"NAM"	-1.1366284	0.32089913		3.57683	3.6558397	3.84703	3.9613333	4.057039	4.1072183	4.0545244	4.1282644	0	0	1	0	0	0.075	0.0	0.0	0.925	0.0	0.0	7.5062356	2223.0996	3.952092	16.42796	0.19974269		0.49036002	-0.010050327	-3.218876	3.0910425	0.7444562	0.6194981	0	13.860907342860697	0.35894698	0.54236346	0.45763654	8.182	1.1148058	-0.33194774	2.8848007	3.7288868	-1.0868943	0	18.539692
"Nauru"	"NRU"	-1.4200472	0.24170262															0.15384616	0.0		0.0	0.0	0.74358976													100	0				8.95764					-1.3103738		
"Nepal"	"NPL"	-1.1424056	0.31905058			3.5918176	3.65031	3.7534173	3.8744168	3.9881825	4.119389	4.2252975	0	1	0	0	0	0.0	0.8834842	0.11651584	0.0	0.0	0.0	8.699514	6000.0	7.683035	59.02903	2.0794415	1.944911	0.5087567	2.7880929	-0.79850775	3.3322046	0.7162813	0.1628608	0	0	0.288941	0.0	1.0	6.68211	-2.008401	4.25096	1.2527629	3.6801844	-1.1160828	0	8.835381
"Netherlands"	"NLD"	-1.0585636	0.34695384	-1.7145207	4.210645	4.278054	4.29583	4.2984495	4.327348	4.3422203	4.3565526	4.390769	1	0	0	0	0	1.0	0.0	0.0	0.0	0.0	0.0	8.696217	5998.9575	5.914501	35.11211	2.291234	1.760106	0.10018219	3.2906382	-1.0788096	3.9608133	0.72963667	0.0	0	0	0.028670799	0.024113	0.975887	9.42771	1.8327005	5.8296075	4.091006	3.4007065	-1.0470694	1	3.3418128
"New Zealand"	"NZL"	-1.1147954	0.32798237	-1.5413121	4.215086	4.2427645	4.26601	4.26652	4.288118	4.322516	4.364837	4.390769	0	0	0	0	1	0.79581153	0.0	0.10209424	0.0	0.0	0.10209424	8.346976	4835.063	8.12216	86.085976			0.3342197	1.7227666	-1.171183	3.713572	0.71296513	0.0	0	0	0.039581	0.8669153	0.13308471	9.53626	2.3045945	2.1980512	4.3307333	3.4929755	-1.0486218	1	5.117172
"Nicaragua"	"NIC"	-1.168182	0.3109317	-0.7431781	3.5409594	3.744787	3.85012	3.9815128	4.0683503	4.1613493	4.2434216	4.3003993	0	0	0	1	0	0.515	0.0	0.0	0.09	0.395	0.0	8.433162	5086.7227	11.903568	193.50693		0.8280876	0.39501065	2.7593768	-0.63487834	2.5649493	0.68440914	0.1	100	0	0.0839011	0.59908664	0.40091336	7.93451	0.79248536	2.5180209	3.6788292	3.8531773	-1.0777868	0	7.9500976
"Niger"	"NER"	-1.175643	0.30862048			3.4965076	3.62505	3.6451116	3.6770494	3.7240741	3.8767414	3.993891	0	0	1	0	0	0.0	0.37348178	0.0	0.6265182	0.0	0.0	8.18097	3606.3623	4.505045	20.667576	0.01391163	-1.4811914	0.5018426	2.4362414	-4.6051702	2.7725887	0.7402804	0.9842288	0.03212717192259343	39.20989211883996	1.1802601	0.41489428	0.5851057	7.29777	-0.96947074	1.1278024	1.7578579	3.8521388	-1.1211549	0	10.159941
"Nigeria"	"NGA"	-1.1651031	0.3118905	-0.6052519		3.5973122	3.63419	3.746428	3.8174546	3.8207262	3.834544	3.9398332	0	0	1	0	0	0.0	0.12213303	0.0	0.877867	0.0	0.0	7.9131236	2734.5	3.6876	14.026362		0.033589724	0.6154342	3.432696	-0.8675006	2.3025851	0.7464536	1.0	73.43996903855937	0	0.47306	0.11500001	0.885	7.11639		3.8203022	2.7850113	3.730437	-1.1169881	0	12.008705
"Norway"	"NOR"	-1.0773575	0.34049407	-1.5399119	4.2091603	4.286341	4.29796	4.3052545	4.3264046	4.3377786	4.364806	4.394419	1	0	0	0	0	1.0	0.0	0.0	0.0	0.0	0.0	8.517193	5000.0	6.146944	37.78492	2.3025851	-1.119232	0.05694728	1.0577903	-3.912023	4.1271343	0.7278814	0.0	0	0	0.33258402	0.0	1.0	9.31452	2.0270207	2.465516	3.910021	3.253727	-1.0762614	1	3.3729966
"Oman"	"OMN"	-1.1158568	0.32763445			3.5945687	3.72628	3.9214487	4.10707	4.257497	4.3055544	4.292165	0	1	0	0	0	0.0	1.0	0.0	0.0	0.0	0.0	8.925118	7597.4	5.205855	27.73305		-0.912548	0.36273575	-2.1202636	-5.320563	3.0445225	0.7349882	0.8682069	0	19.027367888056602	0.110127	0.13548338	0.8645166	7.31122		0.66079086	2.7972813	3.7984638	-1.1061811	0	4.877651
"Pakistan"	"PAK"	-1.1256831	0.3244308	-0.20653225	3.4011974	3.6609943	3.90007	3.9740858	4.0589733	4.10705	4.145702	4.177442	0	1	0	0	0	0.0	1.0	0.0	0.0	0.0	0.0	9.100408	8960.0	6.4482236	41.597866	2.2845533	2.161498	0.5363764	3.318902	-2.8134108	3.4011974	0.7256062	0.4946105	0	11.183842195733146	0.637725	0.089999974	0.91	6.85541	0.14161459	4.1799536	3.0955777	3.700002	-1.1181641	0	5.318209
"Palau"	"PLW"	-1.2997522	0.27259934										0	0	0	0	1	0.02	0.0	0.63	0.0	0.0	0.35							0.35851327			2.014903			100	0									-1.2050636	0	
"Panama"	"PAN"	-1.2160314	0.29640412	-0.5188578	3.7471485	4.010963	4.10766	4.178986	4.247934	4.2814903	4.307076	4.3303943	0	0	0	1	0	0.5104167	0.0	0.0	0.072916664	0.41666666	0.0	8.360127	4972.9883	11.531368	188.75269	1.2279683	0.8185696	0.44005975	1.9823799	-0.7550226	2.1972246	0.68721986	0.0309956	100	0	0.0204568	0.6343384	0.36566162	8.16678	1.524388	2.7367876	3.7184384	3.7585015	-1.1066844	0	8.891032
"Papua New Guinea"	"PNG"	-1.4493964	0.23471193			3.558201	3.65005	3.8295307	3.9680953	4.020148	4.07407	4.134216	0	0	0	0	1	0.0	0.0	0.0	0.0	0.0	1.0	8.294049	4000.0	15.49179	239.9954	1.0986123	-0.3364722	0.24043322	-0.79850775	-0.56211895	1.7917595	0.657312	0.5892759	100	0	0.0796111	0.0	1.0	7.31455	-0.28712744	1.3500665	1.3083328	3.7454712	-1.3738748	0	18.887417
"Paraguay"	"PRY"	-1.2393917	0.28956032	-1.0100521	3.8416004	4.1367655	4.15565	4.1804323	4.2005906	4.219105	4.2491407	4.280506	0	0	0	1	0	0.48924732	0.021505376	0.0	0.0	0.48924732	0.0	8.607158	5715.9395	15.443572	333.2394	1.5015578		0.15606314	1.9699056	-0.6539265	3.1354942	0.65767616	1.715E-4	57.033901637704666	0	0.171161	0.53960454	0.46039543	7.73674	1.2315929	1.569926	3.5723455	3.8671813	-1.1363213	0	8.336868
"Peru"	"PER"	-1.3284181	0.26489595	-0.18374251	3.703768	3.7819145	3.86475	3.977215	4.0946145	4.182806	4.255276	4.3008842	0	0	0	1	0	0.29044613	0.0	0.0	0.0	0.7095539	0.0	8.485702	5066.2827	17.34885	370.0454	1.1675372	0.24387273	0.5047534	1.0612565	-1.3470737	2.3025851	0.64328814	0.029737	55.78815256359179	0.5402389003518683	0.254983	0.35717	0.64283	8.43229	1.2491481	2.0488012	3.8458831	3.760479	-1.2378155	0	9.727567
"Philippines"	"PHL"	-1.2084538	0.2986587	-0.023793373	3.8565102	3.8607297	3.97391	4.1066365	4.1458254	4.1768365	4.2016306	4.226605	0	1	0	0	0	0.0	0.0	1.0	0.0	0.0	0.0	8.517193	5000.0	12.04161	145.0003	1.0986123		0.21393386	2.941804	-0.3147107	2.5649493	0.6833667	0.75	98.97271722866223	0	0.0273757	0.0	1.0	7.60887	1.4405462	4.560707	3.4111476	3.8496377	-1.2078023	0	12.617162
"Poland"	"POL"	-1.1342833	0.32165256	-1.1790363	4.0091496	4.11578	4.2148	4.246612	4.249888	4.2611327	4.3006644	4.3339696	1	0	0	0	0	1.0	0.0	0.0	0.0	0.0	0.0	8.702406	6020.1006	5.0904794	25.914202	2.3025851	0.51303047	0.111845024	3.8282065	-0.597837	3.9512436	0.7358594	0.0	0	0	0.060476	0.010050237	0.98994976	8.48281	1.7979983	4.575923	3.8691156	3.51665	-1.1342833	1	3.1883547
"Portugal"	"PRT"	-1.0614929	0.34593895	-0.47258294	3.918005	4.082609	4.162	4.2057843	4.2656984	4.3036036	4.3348646	4.369787	1	0	0	0	0	1.0	0.0	0.0	0.0	0.0	0.0	8.783726	6532.796	6.9593	48.781315	2.2995856	1.6972399	0.045697168	2.9790947	-0.82098055	3.6763008	0.7217467	0.0	0	0	0.0929028	0.018009841	0.98199016	8.38	1.1618172	4.5927105	3.5553482	3.376034	-1.0505667	1	3.929611
"Qatar"	"QAT"	-1.1268014	0.3240682			3.871201	3.96914	4.191901	4.266193	4.305804	4.334715	4.3579593	0	1	0	0	0	0.0	1.0	0.0	0.0	0.0	0.0	8.873721	7895.1855	3.7401826	16.37054			0.5570983	0.49469623	-5.809143	3.2386785	0.74605644	0.0	0	1.781965039862531	0.014175801	1.0	0.0	10.7921	0.98929524	1.3695018	4.4450016	3.718901	-1.1090568	0	5.0256
"Romania"	"ROM"	-1.1073227	0.3304425	-0.86259794	3.9019728	4.1125116	4.1814	4.2221894	4.235424	4.2447915	4.264979	4.296721	1	0	0	0	0	1.0	0.0	0.0	0.0	0.0	0.0	8.924109	7513.0386	4.153515	17.26376	2.3025851	1.261836	0.26763517	3.709662	-0.44628713	3.8286414	0.74293506	0.0	0	0	0.110138	0.022000015	0.978	8.06432	1.4594127		3.5322256	3.3387873	-1.0858418	0	5.191068
"Russian Federation"	"RUS"	-1.1353285	0.32131654	-0.90446436	4.028917	4.2091603							1	0	0	0	0	0.94899046	0.051009566	0.0	0.0	0.0	0.0	8.528025	5065.081	5.4286966	29.490686			0.21927206	2.0268316	-2.4079456	4.0943446	0.73330534	0.0	0	0.056381835557723206		0.03323263	0.9667674						-1.129809	0	4.3221254
"Rwanda"	"RWA"	-1.1101631	0.3295052			3.6888795	3.74388	3.7906075	3.8753622	3.4912508	3.839672	4.0083714	0	0	1	0	0	0.0	0.0	0.0	1.0	0.0	0.0	7.837505	2540.0	1.5583248	2.4295373	0.0		0.2805064	3.596764	-0.7550226	0.6931472	0.76253307	1.0	68.87955709384018	0	1.0579599	0.04000002	0.96	6.71052	-0.2629392	4.8113236	0.8754688	3.8729672	-1.1089443	0	19.87945
"Saint Lucia"	"LCA"	-1.1464639	0.3177584				4.03881	4.15271	4.23388	4.2613926	4.2641664	4.3099923	0	0	0	1	0	0.0264	0.032	0.0	0.9233	0.0183	0.0							0.16285157	1.8809906		2.6306891			100.00000000000001	0				7.48437		4.96807	3.068053	3.8113356	-1.0968186	0	13.245343
"Saint Vincent and Grenadines"	"VCT"	-1.1529967	0.31568936				3.98952	4.101626	4.184749	4.237267	4.2538657	4.278228	0	0	0	1	0	0.048378687	0.0	0.0	0.9033469	0.048274424	0.0							0.26742682	2.8875902		2.5839975			100	0				7.65681		5.336317	2.6318889	3.9037864	-1.0937343	0	13.81199
"San Marino"	"SMR"	-1.0821474	0.33886707										1	0	0	0	0	1.0	0.0	0.0	0.0	0.0	0.0							0.25676012	2.8136108		3.7788725			0	0									-1.0821474	0	3.9154067
"Saudi Arabia"	"SAU"	-1.1091305	0.32984564			3.6863763	3.79145	3.9595346	4.1319246	4.230775	4.269587	4.3020415	0	1	0	0	0	0.0	1.0	0.0	0.0	0.0	0.0	8.926317	7570.3433	4.0777297	16.807383		-0.74119174	0.16551444	0.5128236	-5.35383	3.218876	0.7435074	0.0931783	0	37.25825144794916	0.34132698	0.039153457	0.96084654	8.82026	1.0955429	0.7861249	3.443618	3.778453	-1.104234	0	4.9762583
"Senegal"	"SEN"	-1.2574322	0.28438333			3.5973122	3.69626	3.7074444	3.8572133	3.9749665	4.0206842	4.076759	0	0	1	0	0	0.0	0.0	0.0	1.0	0.0	0.0	8.02453	3095.8826	6.1091785	37.36917	0.030174932	0.20468688	0.5270241	2.503892	-1.2729657	2.6390574	0.7281666	1.0	34.99866826068084	0	0.107650004	0.018000007	0.982	7.46394	0.6189703	2.832235	3.1354942	3.7362807	-1.2574322	0	13.81199
"Serbia"	"YUG"	-1.1077342	0.33030653	-3.4227169	3.908015	4.0621657							1	0	0	0	0	1.0	0.0		0.0	0.0	0.0	8.919	7481.4	4.525183	20.504202		1.7281299	0.45335835	3.5082564		3.7841897	0.7401284	0.0			0.07976695	0.14420003	0.8558						-1.088147	0	5.301443
"Seychelles"	"SYC"	-1.110366	0.32943836										0	0	1	0	0	0.3120312	0.3440344	0.0470047	0.2969297	0.0	0.0							0.1843761	0.7747272		1.5224266			100	0									-1.0485874	0	11.27059
"Sierra Leone"	"SLE"	-1.2574322	0.28438333			3.4011974	3.50621	3.5596871	3.762215	3.656394	3.6821465	3.8586686	0	0	1	0	0	0.0	0.0	0.0	1.0	0.0	0.0	8.066058	3206.9321	5.506894	30.65905	0.0	0.09206493	0.5983364	1.9227878	-1.0498221	2.1400661	0.7327148	1.0	100	0	0.12732701	0.24529225	0.75470775	6.40026	-0.6175163	3.5103068	2.85647	3.678352	-1.2574322	0	13.81199
"Singapore"	"SGP"	-1.1477444	0.3173518	-0.12715174		4.1009893	4.15389	4.2236376	4.2722363	4.3252206	4.357365	4.402337	0	1	0	0	0	0.0	0.080214985		0.0	0.0	0.0	8.989209	8271.589	10.181059	104.56108	1.9699668	1.5274527	0.32618666	0.3987761		0.31237468	0.697417	0.0	100	0		1.0	0.0	8.133	1.2998796	7.8068237	4.6051702	3.7667558	-1.128526	0	11.695582
"Slovakia"	"SVK"	-1.1306038	0.32283828			4.16356	4.2485	4.2505536	4.2543144	4.261731	4.2911606	4.318983	1	0	0	0	0	1.0	0.0	0.0	0.0	0.0	0.0	8.795315	6611.35	4.8971543	23.996716	2.3025851	1.9822562	0.2262555		-0.5447272	3.8849943	0.73731935	0.0	0	0	0.0774823	0.12129998	0.8787	8.87291	2.1272128	4.419334	3.5115454	3.4463344	-1.1236247	1	4.237059
"Slovenia"	"SVN"	-1.1078619	0.33026436			4.1835756	4.22655	4.2284346	4.264156	4.293262	4.322969	4.374775	1	0	0	0	0	1.0	0.0	0.0	0.0	0.0	0.0	8.852653	6993.164	4.9927588	24.927647		1.7735728	0.20020077	2.1505988	-0.6539265	3.8311744	0.73659736	0.0	0	0	0.0376239	0.013669848	0.98633015	8.87235	1.8623666	4.348296	3.339322	3.3090527	-1.0898731	0	4.5773177
"Solomon Islands"	"SLB"	-1.551881	0.21184911			3.7841897	3.89958	3.996138	4.0756836	4.037858	4.1405	4.2116117	0	0	0	0	1	0.004069176	0.0	0.01881994	0.0	0.0	0.97711086							0.10528031	-0.44628713		2.0794415			100	0				6.91771		1.5073113	1.7578579	3.7583747	-1.539303	0	16.442823
"South Africa"	"ZAF"	-1.1088874	0.3299258	-1.6642462	3.7256935	3.8066626	3.89257	3.9674706	4.0425253	4.1198435	4.0032578	3.9528096	0	0	1	0	0	0.17531742	0.0	0.0	0.8246826	0.0	0.0	7.7311583	2790.55	4.7965565	23.805965	0.40375987	-1.6225455	0.56061125	2.4973292	-1.4271164	3.3672957	0.7380791	0.022699	0.17921839668223408	4.385847427835768	0.306891	0.21350002	0.7865	8.47303	1.4793321	2.6631217	3.8416004	3.7123063	-1.0758983	0	17.923338
"Spain"	"ESP"	-1.0623239	0.34565163	-0.94910365	3.9160151	4.1573195	4.23569	4.2770457	4.322134	4.3416934	4.3690157	4.402158	1	0	0	0	0	1.0	0.0	0.0	0.0	0.0	0.0	8.88142	7203.58	6.3957744	41.005154	2.3025851	2.1835034	0.34816292	3.2902658	-0.5798185	3.6888795	0.7260022	0.0	0	0	0.12218	0.023000002	0.977	8.44891	1.1929004	4.115933	4.036009	3.3120077	-1.0503497	1	3.1625924
"Sri Lanka"	"LKA"	-1.13646	0.32095322	-0.4835753	3.744787	4.036009	4.05803	4.1385016	4.222766	4.2438946	4.262459	4.3137827	0	1	0	0	0	0.0	0.9892473	0.010752688	0.0	0.0	0.0	8.517193	5000.0	8.138092	66.22854	2.0794415	1.535104	0.34712952	2.6282852	-0.38566247	1.9459101	0.7128448	0.1753118	100	0	0.0389524	0.0	1.0	7.54062	1.5518866	5.063131	2.7972813	3.7256157	-1.1267253	0	6.6583233
"St Kitts & Nevis"	"KNA"	-1.1408497	0.31954738	-1.6194882									0	0	0	1	0	0.036078755	0.0	0.0	0.96392125	0.0	0.0							0.16906744	2.9673328		2.8526316			100	0									-1.1041396	0	13.014447
"Suriname"	"SUR"	-1.1388123	0.3201991	-0.68319684	3.8918202	4.0253515	4.08925	4.147447	4.1886706	4.2121115	4.218556	4.253274	0	0	0	1	0	0.16835018	0.37751248	0.17345169	0.26027957	0.02040608	0.0							0.54996943	-0.99425226	-1.0788096	1.3862944		0.1893433	100	0	0.196855			8.04173		0.600167	3.8565102	3.8625429	-1.0608183	0	8.518781
"Swaziland"	"SWZ"	-1.1077226	0.33031034			3.5723455	3.78898	3.8704014	3.993164	4.0833516	3.8850672	3.8783174	0	0	1	0	0	0.03	0.0	0.0	0.97	0.0	0.0	7.308084	1616.1097	4.0391026	16.49592	0.06923499	0.14524809	0.056569353	2.3369865	-0.84397006	3.2771447	0.7437991	0.1037715	2.876148802408021	0	0.110120006	1.0	0.0	7.27725	0.5423325	3.0182729	1.3609766	3.8111362	-1.1034231	0	20.045586
"Sweden"	"SWE"	-1.0775307	0.34043512	-2.0768847	4.200205	4.2738843	4.29054	4.312801	4.327319	4.350753	4.3775654	4.4000044	1	0	0	0	0	1.0	0.0	0.0	0.0	0.0	0.0	8.611989	5499.1533	5.8988266	34.994396	2.3009665	-0.6803879	0.05826292	1.8855534	-2.5257287	4.1271343	0.729755	0.0	0	0	0.16026899	0.01267159	0.9873284	9.46351	1.9837825	2.9030554	4.2835865	3.0912855	-1.0767082	1	3.3489523
"Switzerland"	"CHE"	-1.0708028	0.34273326	-1.9394476	4.1604443	4.237001	4.26708	4.2907367	4.323593	4.346949	4.3780246	4.409719	1	0	0	0	0	1.0	0.0	0.0	0.0	0.0	0.0	8.623216	5569.273	5.5514073	30.873465	2.301316	2.0070877	0.42618236	2.3340838	-0.94160855	3.8501475	0.73237866	0.0	0	0	0.123443	0.028506279	0.9714937	9.86313	2.024187	4.898213	3.9318256	3.184144	-1.0578808	1	3.3779871
"Syria"	"SYR"	-1.1149786	0.3279223			3.8286414	3.89779	4.094547	4.19271	4.263592	4.3043203	4.326812	0	1	0	0	0	0.045263156	0.9547368	0.0	0.0	0.0	0.0	9.245051	10370.539	3.137555	9.898311	2.3025851	2.312754	0.43173176	3.207208	-1.7719568	3.5553482	0.7506073	0.188119	0	3.445484907249226	0.301359	0.090216756	0.90978324	8.21528	0.3182889	3.2053027	3.6054978	3.8067355	-1.1058795	0	4.663206
"Taiwan"	"TWN"	-1.1421665	0.31912687	-2.8134108	3.713572													0.0	0.0	0.99	0.0	0.0	0.01	9.09513	8930.0											8.846459056725854	0				7.66856	1.6037242				-1.1387804		
"Tajikistan"	"TJK"	-1.1126546	0.32868528			4.01998	4.02837	4.0950794	4.1310663	4.14086	4.155053	4.2085643	0	1	0	0	0	0.0	0.732334	0.26766595	0.0	0.0	0.0	8.853292	6997.484	6.0054507	36.073387		-0.96188843	0.41258502	1.893112	-1.7147983	3.6635616	0.7289499	0.0	0	0.024920510934136986	1.5481801	0.014358997	0.985641	8.27563	1.6183233	2.6990356	3.50255	3.678729	-1.0891343	0	6.288034
"Tanzania"	"TZA"	-1.1194372	0.32646346			3.6109178	3.7756	3.8434014	3.9210508	3.9238951	3.919461	4.049826	0	0	1	0	0	0.0	0.0	0.0	1.0	0.0	0.0	7.824046	2500.0	1.761773	3.103843	0.0	-2.178823	0.551178	1.510722	-0.7133499	1.7917595	0.7609968	1.0	88.2944968767263	0	0.477395	0.0	1.0	6.54247	0.55694866	2.4494877	1.6486586	3.824459	-1.1041473	0	20.56829
"Thailand"	"THA"	-1.2766272	0.27897665	-0.68042845	3.7518542	3.8501475	3.99795	4.0916185	4.1820164	4.2831855	4.2837963	4.303087	0	1	0	0	0	0.0	0.0	1.0	0.0	0.0	0.0	8.675969	5951.0464	9.766345	95.38976	2.0794415	0.20512114	0.4909233	3.4355989	-1.0788096	2.7080503	0.70054877	0.4175675	99.54566955065245	0	0.214576	0.12864834	0.87135166	7.31721	1.4328135	3.9862523	2.9806187	3.7533731	-1.2592685	0	9.199355
"Togo"	"TGO"	-1.1911303	0.3038776			3.583519	3.80087	3.8131428	3.904448	3.9701405	4.0038633	4.0358095	0	0	1	0	0	0.0	0.0	0.0	1.0	0.0	0.0	8.054321	3153.254	4.2030163	17.710175	0.0	0.15203094	0.5364513	3.831897	-0.46203548	2.0794415	0.7425613	1.0	100	0	0.261366	0.34100002	0.659	7.04141	-0.71248525	3.2871993	2.3125355	3.7515335	-1.1546617	0	13.81199
"Tonga"	"TON"	-1.3599863	0.2566643				4.11683	4.172618	4.212868	4.2425103	4.259307	4.2787566	0	0	0	0	1	0.028484233	0.0	0.4857579	0.0	0.0	0.4857579							0.08333145	3.0363944		2.9957323			99.99999999999999	0				7.65917	1.8377043	4.482971	2.867899	3.8156602	-1.2544513	0	11.188929
"Trinidad and Tobago"	"TTO"	-1.135008	0.32141957	-2.141317	3.9702919	4.079231	4.15146	4.1789985	4.2089863	4.233306	4.2253084	4.244989	0	0	0	1	0	0.06720672	0.46434644	0.0120012	0.45644563	0.0	0.0	8.498657	5756.5176	5.560788	33.79748		0.90029883	0.4992772	2.6823905		2.3978953	0.7323078	0.0	100	0	0.00795231	1.0	0.0	9.01213	1.7358551	5.099664	2.8507063	3.760649	-1.061811	0	11.360499
"Tunisia"	"TUN"	-1.1102095	0.32948995	-0.39958236	3.6627922	3.7977338	3.88337	3.9834206	4.129119	4.252876	4.284965	4.3121405	0	0	1	0	0	0.01010101	0.989899	0.0	0.0	0.0	0.0	8.411833	4500.0	4.216083	17.77536	2.3025851	1.638867	0.038643625	2.9139798	-1.7147983	3.5263605	0.7424626	0.0	0	20.66402115622988	0.108772	0.0	1.0	7.57096	-0.096158594	3.2849162	3.624341	3.7695942	-1.1096964	0	5.931992
"Turkey"	"TUR"	-1.1529517	0.31570354	-0.48936316		3.775057	3.91717	3.9119043	4.035472	4.144094	4.240562	4.2999573	0	1	0	0	0	0.2667	0.4666	0.2667	0.0	0.0	0.0	9.170745	9681.542	3.683668	13.697084	2.3025851	1.770957	0.27763173	3.432696	-0.46203548	3.6635616	0.74648315	0.0	0	0	0.160468	0.09897959	0.9010204	8.1044	0.56993705	3.6017735	3.4499876	3.7425938	-1.1055062	1	9.271221
"Turkmenistan"	"TKM"	-1.1482712	0.31718466			3.9702919	3.99717	4.0662503	4.108185	4.1377664	4.157249	4.172285	0	1	0	0	0	0.26820603	0.3674642	0.36432976	0.0	0.0	0.0	8.985064	7985.8896	5.09033	25.92092		-0.95767176	0.33062232	1.3711808	-2.8134108	3.6888795	0.7358606	0.0	0	55.086906236993556	1.34813	0.020726204	0.9792738	8.43728		1.2156423	3.8372996	3.6759005	-1.1028867	0	9.92043
"Tuvalu"	"TUV"	-1.353625	0.2583022															0.046277665	0.0	0.47686118	0.0	0.0	0.47686118													100	0				6.75809			2.766319		-1.245136		
"Uganda"	"UGA"	-1.1092016	0.3298222			3.6888795	3.78326	3.9092872	3.913454	3.857709	3.8306324	3.981822	0	0	1	0	0	0.0	0.0	0.0	1.0	0.0	0.0	8.160519	3500.0	1.193059	1.42339	0.0	-0.6785411	0.65761065	3.245323	-0.99425226	0.0	0.7652915	1.0	97.78262396425042	0.019939726224867293	0.969328	0.0	1.0	6.90775	0.14928171	3.5930243	1.4816046	3.826503	-1.1092016	0	19.756868
"Ukraine"	"UKR"	-1.1342038	0.32167813			4.203199	4.23876	4.2511625	4.2316036	4.2504444	4.217497	4.2524247	1	0	0	0	0	0.9959514	0.004048583	0.0	0.0	0.0	0.0	8.741683	6283.8667	4.851765	23.601883		-1.0420306	0.38775724	4.0290947	-0.43078294	3.8918202	0.7376621	0.0	0	0	0.074536696	0.15083128	0.8491687	8.45681	1.7164772	4.298735	3.8458831	3.2527177	-1.1335893	0	3.9473352
"United Kingdom"	"GBR"	-1.0621135	0.34572434	-1.3096832	4.1743875	4.237001	4.26446	4.2762933	4.2996716	4.3291597	4.353389	4.3870444	1	0	0	0	0	0.95310754	0.032550097	0.0	0.014342387	0.0	0.0	8.599542	5450.4927	6.168838	38.1972	2.2883976	1.0443099	0.11427377	3.1900647	-0.7133499	3.988984	0.727716	0.0	0	0	0.0294346	0.023453712	0.9765463	9.44928	1.8404087	5.377479	4.361824	3.1502268	-1.0462401	1	3.369691
"United States"	"USA"	-1.0929179	0.33523688	-2.0236244	4.155753	4.2341065	4.24521	4.2599626	4.29944	4.320346	4.3390746	4.3598	0	0	0	1	0	0.80435246	0.0	0.0	0.12865372	0.06699381	0.0	8.63146	5949.747	6.6866603	57.130753		0.9191499	0.3988507	2.9559515	-1.1394343	3.637586	0.7238056	0.0	0.3578068896175714	0.277523272798737	0.446154	0.9620742	0.037925784	9.71968	2.2168975	2.981945	4.248495	3.4285877	-1.0429595	1	
"Uruguay"	"URY"	-1.0767835	0.34068957	-1.066823	4.0342407	4.191169	4.21886	4.2281284	4.252035	4.2833753	4.315978	4.3338447	0	0	0	1	0	0.93	0.0	0.0	0.03	0.04	0.0	8.841314	7131.1177	6.6351333	62.56666	2.18175		0.2234635	2.059239	-0.040822018	3.4965076	0.7241947	0.0	0	0	0.120051004	0.95757854	0.042421456	8.87543	1.5769023	2.6714575	4.3845234	3.3265083	-1.048942	0	3.8868735
"Uzbekistan"	"UZB"	-1.1341125	0.32170752			4.0324693	4.07567	4.139586	4.178479	4.199937	4.203959	4.2195225	0	1	0	0	0	0.006507592	0.16160521	0.8318872	0.0	0.0	0.0	8.773556	6466.765	6.105359	37.56202		-0.9602513	0.3453711	2.3532782	-2.040221	3.713572	0.7281953	0.0	0	32.15238476660473	1.71954	0.035962045	0.96403795	8.49577		2.9984355	3.5263605	3.6537514	-1.1133345	0	9.608268
"Vanuatu"	"VUT"	-1.5558891	0.2110017			3.7376697	3.83961	3.9604285	4.0697565	4.1462545	4.212942	4.260134	0	0	0	0	1	0.010111224	0.0	0.0	0.0	0.0	0.9898888							0.040506426	0.49469623		2.7725887			100	0				7.77654		1.6903561	2.3418057	3.832697	-1.5475057	0	11.107593
"Venezuela"	"VEN"	-1.1890981	0.30449575	-0.702087	3.523415	4.0091496	4.0915	4.1562963	4.222774	4.263558	4.2941446	4.305784	0	0	0	1	0	0.545	0.02	0.0	0.1	0.335	0.0	8.527097	5491.6753	11.140847	182.23225		0.6007972	0.40319586	1.0784096	-1.0498221	2.0794415	0.690169	0.0022341	96.75154181243138	0	0.12757	0.6733005	0.32669947	9.39049	1.1381743	2.147912	4.1206617	3.8201833	-1.0838544	0	7.996057
"Vietnam"	"VNM"	-1.2104002	0.29807797	-0.035570074	3.2924979	3.69883	3.78773	3.8647525	4.0194607	4.18172	4.275909	4.3151956	0	1	0	0	0	0.0	0.0	1.0	0.0	0.0	0.0	8.709651	6075.0	11.293782	127.59223		0.24441281	0.21374594	2.947067	-0.94160855	2.7725887	0.689014	0.7154578	56.53464972904928	0	0.0799946	0.024999976	0.975	7.00579	1.1048462	4.5773606	2.6878474	3.6902754	-1.2050174	0	12.04933
"Zaire"	"ZAR"	-1.1092016	0.3298222			3.6661224	3.71851	3.7809322	3.824823	3.846739	3.8210452	3.8726497	0	0	1	0	0	0.0	0.0	0.0	1.0	0.0	0.0	8.779791	3054.5	2.9527595	8.844928		-1.5956272	0.6284625	1.0851892	-2.040221	0.0	0.7520028	1.0	94.86599394668549	0	1.1153901	0.05519998	0.9448	7.06817			3.1045866	3.7797651	-1.1092016	0	20.880098
"Zambia"	"ZMB"	-1.1092016	0.3298222			3.6323092	3.80848	3.8921208	3.9515903	3.860322	3.7359986	3.8806455	0	0	1	0	0	0.0	0.0	0.0	1.0	0.0	0.0	7.6765437	2237.6096	3.06675	9.60026	0.03468741		0.5770627	1.9572738	-1.0216511	2.7080503	0.75114197	1.0	17.1324540317762	0	0.99219596	0.397	0.603	7.42833	0.8137716	1.4764196	2.895912	3.8035684	-1.1092016	0	20.56829
"Zimbabwe"	"ZWE"	-1.1099604	0.329572			3.7256935	3.94109	4.005562	4.080483	4.1031213	3.798137	3.9092367	0	0	1	0	0	0.005	0.0	0.0	0.995	0.0	0.0	7.28277	1479.4609	3.3000555	11.162635	0.02308227		0.3274315	2.118662	-1.3470737	2.9957323	0.7493802	0.6186963	8.400756715623329	0	0.489782	0.13999999	0.86	7.16395	0.93548644	2.3387415	2.533697	3.8124862	-1.1076409	0	20.56829
